23658033319 
16510 
11848 
10776 
11301 
10853 
11074 
10698 
10883 
10770 
10696 
10722 
10614 
10632 
11373 
10588 
10547 
11028 
12155 
10867 
11874 
12100 
12756 
11120 
10998 
10890 
10854 
10899 
12156 
12067 
12038 
10904 
10996 
10960 
10941 
13124 
11986 
12552 
11641 
10502 
10400 
10351 
10307 
10370 
10315 
10245 
10364 
10272 
10239 
10212 
10194 
10211 
10228 
10213 
10166 
10727 
10161 
10177 
10164 
10050 
10087 
10124 
10054 
10098 
10777 
10982 
10012 
9993 
10100 
10060 
10068 
9975 
9950 
10238 
9933 
9987 
10014 
9918 
9949 
9935 
9940 
9887 
9900 
9876 
9885 
9831 
9795 
9880 
9823 
9803 
9853 
9832 
9825 
9744 
9739 
9735 
9766 
9697 
9694 
10187 
11504 
10305 
10419 
11677 
10260 
10123 
11193 
10062 
9984 
10969 
11075 
12088 
10779 
10674 
11757 
10626 
10738 
12712 
10995 
11291 
12596 
9825 
10093 
9980 
10006 
10147 
9936 
9919 
10031 
9716 
10010 
9939 
10094 
10032 
9908 
9936 
9941 
10017 
10208 
10068 
10304 
9905 
9949 
9743 
9991 
9832 
10281 
10366 
10255 
9849 
9866 
11582 
9809 
10053 
11019 
10113 
9814 
10261 
12019 
9833 
10837 
11120 
9943 
9754 
10156 
9854 
10783 
10110 
10212 
30419 
10083 
10094 
9616 
9835 
9971 
9915 
9745 
10115 
9495 
9829 
9657 
9355 
9791 
9927 
9446 
9692 
9448 
9432 
9636 
9704 
9750 
9543 
10553 
9646 
9605 
9801 
9152 
9575 
9849 
9604 
9463 
9660 
11328 
9474 
9734 
9238 
9750 
9377 
11374 
9432 
11455 
9529 
9517 
9293 
9388 
9173 
9010 
9200 
9176 
10349 
9317 
9000 
9119 
11234 
9333 
9108 
9983 
9096 
9221 
9048 
8823 
9347 
9508 
8963 
9098 
9288 
8911 
9141 
9357 
9356 
9444 
15244 
10041 
8907 
12151 
8947 
9162 
9085 
8733 
8604 
10926 
8837 
8959 
9426 
9917 
8772 
9537 
8870 
9021 
8688 
8863 
8912 
8539 
8668 
8625 
8718 
8730 
8481 
9203 
8441 
8431 
8450 
9242 
10968 
8621 
8235 
9149 
8433 
9349 
8327 
9779 
10711 
8220 
8964 
8273 
8004 
7955 
8496 
8326 
9911 
9244 
8047 
8969 
9041 
8101 
9139 
9144 
8149 
8250 
10735 
8209 
8097 
8116 
8925 
8811 
8375 
7729 
7459 
7515 
7416 
7421 
7391 
7391 
7384 
7358 
7326 
7322 
7353 
7332 
7338 
7295 
8348 
7254 
7238 
7319 
7243 
7260 
7221 
7203 
7882 
7340 
7232 
8055 
7127 
7157 
7155 
7129 
7172 
7099 
7118 
7161 
7071 
7075 
7090 
8716 
7009 
7100 
7028 
7005 
7045 
6976 
6981 
6975 
6902 
6960 
6906 
6938 
6910 
6902 
6907 
6963 
6871 
6860 
6815 
6801 
6839 
6768 
6771 
6758 
6745 
6755 
6760 
6721 
6736 
6707 
6788 
6675 
6679 
6672 
6645 
6689 
6697 
6671 
6605 
6647 
6577 
6596 
6604 
6576 
6558 
6546 
7493 
6528 
6593 
6485 
6464 
6515 
6517 
6500 
6459 
6412 
6445 
6388 
6389 
6436 
6391 
6351 
6375 
6398 
6363 
6401 
6333 
6329 
6379 
6348 
6303 
6246 
6258 
6257 
6254 
6219 
6231 
6204 
6185 
6223 
6180 
6178 
6224 
6167 
6140 
6099 
6141 
6544 
6074 
6143 
6124 
6083 
6017 
5992 
6000 
5988 
5954 
5960 
5987 
5924 
5973 
5892 
5942 
5898 
5898 
5885 
5853 
5869 
5854 
5843 
5834 
5846 
5811 
5797 
5766 
5791 
5775 
5760 
5738 
5735 
5713 
5739 
5746 
5683 
5743 
5698 
5707 
5646 
5687 
5670 
5657 
5620 
5583 
5598 
5580 
5573 
5547 
5562 
5642 
5610 
5653 
5580 
5507 
5479 
5479 
5516 
5447 
5488 
5454 
5437 
5416 
5386 
5369 
5407 
5356 
5376 
