23649873491 
1941 
501 
172 
177 
179 
179 
187 
184 
160 
167 
177 
163 
163 
165 
163 
156 
158 
159 
166 
197 
163 
160 
171 
180 
193 
167 
188 
171 
162 
177 
166 
167 
172 
390 
233 
323 
296 
333 
292 
280 
306 
401 
293 
297 
8713 
426 
312 
317 
182 
175 
184 
319 
275 
339 
308 
301 
316 
196 
158 
167 
159 
333 
247 
244 
239 
204 
182 
219 
264 
251 
251 
257 
203 
222 
236 
188 
265 
194 
292 
279 
255 
221 
276 
256 
279 
261 
297 
310 
282 
282 
326 
297 
216 
284 
280 
192 
166 
334 
343 
301 
331 
275 
318 
339 
325 
311 
275 
309 
205 
185 
303 
232 
276 
260 
235 
313 
299 
299 
257 
235 
302 
245 
198 
182 
167 
168 
162 
181 
167 
172 
186 
162 
168 
178 
168 
165 
181 
163 
169 
171 
167 
182 
186 
166 
161 
180 
166 
180 
190 
187 
204 
194 
167 
170 
172 
338 
306 
236 
292 
188 
161 
187 
167 
167 
180 
157 
188 
162 
182 
339 
211 
256 
12365 
316 
242 
204 
252 
296 
190 
248 
281 
296 
286 
243 
300 
255 
285 
225 
281 
307 
316 
281 
225 
370 
204 
288 
220 
227 
280 
236 
265 
254 
318 
233 
250 
327 
223 
235 
281 
271 
278 
261 
252 
292 
286 
281 
293 
261 
283 
295 
286 
297 
287 
290 
213 
271 
219 
241 
270 
250 
309 
248 
209 
292 
200 
302 
287 
267 
296 
265 
276 
292 
265 
202 
289 
245 
293 
258 
250 
251 
278 
274 
280 
303 
254 
301 
241 
328 
279 
198 
191 
159 
162 
182 
322 
317 
212 
271 
303 
316 
277 
312 
209 
172 
179 
172 
161 
179 
356 
229 
348 
236 
175 
187 
167 
171 
193 
334 
297 
286 
293 
288 
295 
317 
313 
296 
318 
295 
280 
305 
13527 
400 
320 
311 
288 
286 
299 
321 
327 
272 
250 
302 
320 
317 
327 
295 
304 
316 
299 
301 
299 
306 
301 
297 
301 
317 
292 
334 
303 
337 
308 
310 
335 
292 
307 
296 
291 
295 
288 
305 
298 
308 
302 
313 
296 
285 
302 
299 
286 
292 
296 
283 
298 
288 
286 
287 
301 
277 
277 
268 
285 
278 
282 
283 
290 
303 
286 
292 
283 
281 
283 
288 
281 
297 
279 
270 
281 
276 
291 
271 
292 
286 
294 
296 
280 
293 
295 
291 
296 
288 
304 
284 
291 
297 
279 
288 
295 
302 
305 
292 
299 
310 
318 
272 
286 
272 
288 
274 
313 
283 
313 
304 
297 
286 
306 
284 
290 
320 
281 
290 
300 
290 
297 
306 
285 
309 
294 
284 
7351 
336 
297 
293 
296 
292 
290 
301 
272 
268 
301 
274 
259 
293 
280 
283 
285 
296 
306 
298 
306 
286 
285 
288 
290 
282 
320 
297 
286 
306 
272 
287 
286 
303 
289 
310 
305 
279 
273 
302 
288 
297 
281 
290 
281 
306 
302 
274 
293 
292 
292 
289 
298 
287 
281 
270 
296 
285 
294 
297 
302 
313 
292 
292 
286 
283 
292 
280 
281 
277 
291 
279 
294 
308 
303 
297 
282 
297 
301 
316 
292 
293 
297 
287 
293 
282 
295 
298 
287 
278 
280 
299 
294 
286 
297 
284 
329 
319 
279 
266 
230 
286 
216 
236 
213 
292 
225 
223 
271 
318 
232 
240 
256 
222 
218 
186 
282 
236 
204 
231 
230 
264 
181 
183 
184 
183 
182 
179 
16056 
600 
180 
270 
583 
189 
173 
181 
178 
246 
275 
299 
231 
289 
342 
246 
254 
196 
284 
292 
271 
252 
205 
167 
167 
166 
166 
178 
170 
168 
166 
163 
171 
165 
167 
168 
172 
171 
172 
172 
171 
336 
246 
256 
194 
158 
166 
324 
215 
260 
250 
316 
304 
283 
306 
294 
290 
307 
212 
272 
319 
228 
275 
302 
308 
293 
301 
310 
294 
296 
291 
284 
284 
308 
285 
302 
270 
286 
287 
282 
281 
285 
305 
275 
290 
292 
276 
284 
296 
267 
282 
281 
291 
270 
295 
292 
293 
277 
288 
307 
284 
299 
292 
283 
288 
313 
290 
304 
302 
293 
298 
296 
290 
286 
290 
267 
282 
280 
296 
290 
279 
278 
280 
282 
277 
310 
292 
302 
9602 
353 
322 
250 
287 
292 
278 
292 
319 
298 
323 
311 
302 
295 
287 
283 
300 
290 
280 
296 
298 
297 
296 
311 
291 
321 
322 
296 
311 
291 
288 
282 
297 
286 
293 
282 
290 
281 
271 
290 
294 
283 
279 
292 
264 
301 
281 
285 
289 
290 
282 
272 
293 
282 
284 
278 
276 
290 
280 
283 
301 
298 
289 
290 
295 
285 
286 
287 
275 
286 
272 
286 
290 
269 
292 
275 
277 
283 
277 
273 
284 
279 
266 
275 
275 
304 
287 
283 
286 
288 
277 
301 
291 
281 
267 
302 
284 
296 
291 
283 
287 
301 
283 
293 
307 
270 
286 
271 
288 
275 
281 
288 
276 
280 
282 
297 
287 
292 
276 
278 
278 
285 
287 
264 
172 
179 
175 
182 
7235 
259 
262 
531 
312 
221 
290 
248 
251 
193 
203 
293 
287 
260 
250 
278 
256 
195 
213 
187 
221 
295 
257 
261 
301 
293 
199 
275 
222 
281 
213 
231 
261 
332 
302 
290 
278 
290 
253 
302 
295 
312 
262 
287 
316 
304 
272 
278 
241 
280 
284 
270 
298 
260 
255 
286 
283 
320 
299 
243 
318 
303 
294 
293 
302 
306 
309 
290 
240 
296 
264 
224 
305 
261 
289 
267 
278 
301 
292 
282 
307 
302 
297 
270 
286 
229 
261 
189 
233 
252 
272 
184 
209 
268 
271 
212 
266 
237 
264 
251 
242 
242 
229 
232 
277 
274 
288 
258 
243 
259 
249 
250 
260 
238 
251 
221 
262 
260 
242 
271 
254 
214 
284 
247 
281 
287 
225 
258 
13363 
507 
270 
249 
245 
278 
282 
280 
291 
286 
263 
240 
250 
287 
272 
273 
269 
302 
283 
242 
269 
260 
316 
312 
262 
288 
228 
199 
270 
223 
223 
341 
313 
258 
250 
246 
210 
1146 
199 
237 
173 
262 
232 
216 
279 
238 
319 
222 
266 
214 
317 
275 
301 
304 
312 
300 
324 
184 
184 
185 
